<?xml version="1.0" encoding="UTF-8"?>
<kml xmlns="http://www.opengis.net/kml/2.2">
    <Document>
        <name>Untitled map</name>
        <description />
        <Style id="icon-1899-DB4436-nodesc-normal">
            <IconStyle>
                <color>ff3644db</color>
                <scale>1</scale>
                <Icon>
                    <href>https://www.gstatic.com/mapspro/images/stock/503-wht-blank_maps.png</href>
                </Icon>
                <hotSpot
                    x="32"
                    xunits="pixels"
                    y="64"
                    yunits="insetPixels" />
            </IconStyle>
            <LabelStyle>
                <scale>0</scale>
            </LabelStyle>
            <BalloonStyle>
                <text><![CDATA[<h3>$[name]</h3>]]></text>
            </BalloonStyle>
        </Style>

        <StyleMap id="icon-1899-DB4436-nodesc">
            <Pair>
                <key>normal</key>
                <styleUrl>#icon-1899-DB4436-nodesc-normal</styleUrl>
            </Pair>
            <Pair>
                <key>highlight</key>
                <styleUrl>#icon-1899-DB4436-nodesc-highlight</styleUrl>
            </Pair>
        </StyleMap>


        <Folder>
            <name>Directions from AlMukhtar Mall, Queen Rania Street, Amman to Istiklal Mall,
                Amman
            </name>
            <Placemark>
                <name>Directions from AlMukhtar Mall, Queen Rania Street, Amman to Istiklal Mall,
                    Amman
                </name>
                <styleUrl>#line-1267FF-5000-nodesc</styleUrl>
                <LineString>
                    <tessellate>1</tessellate>
                    <coordinates>
                        35.89612,31.9875,0
                        35.89563,31.98791,0
                        35.89531,31.98819,0
                        35.89511,31.98837,0
                        35.89509,31.98839,0
                        35.89487,31.9886,0
                        35.89419,31.98926,0
                        35.89401,31.98942,0
                        35.89382,31.9896,0
                        35.89347,31.98993,0
                        35.89304,31.99035,0
                        35.89286,31.99052,0
                        35.89216,31.99119,0
                        35.89189,31.99151,0
                        35.89161,31.99173,0
                        35.89129,31.99195,0
                        35.89069,31.99235,0
                        35.89053,31.99246,0
                        35.89054,31.99248,0
                        35.89055,31.9925,0
                        35.89056,31.99252,0
                        35.89056,31.99254,0
                        35.89056,31.99256,0
                        35.89056,31.99258,0
                        35.89056,31.9926,0
                        35.89056,31.99262,0
                        35.89055,31.99265,0
                        35.89054,31.99268,0
                        35.89052,31.99271,0
                        35.89051,31.99274,0
                        35.89048,31.99276,0
                        35.89046,31.99279,0
                        35.89043,31.99281,0
                        35.8904,31.99282,0
                        35.89037,31.99284,0
                        35.89034,31.99285,0
                        35.89031,31.99286,0
                        35.89028,31.99287,0
                        35.89025,31.99287,0
                        35.89021,31.99288,0
                        35.89018,31.99288,0
                        35.89015,31.99288,0
                        35.89005,31.99286,0
                        35.89001,31.99284,0
                        35.88996,31.99281,0
                        35.88992,31.99278,0
                        35.88989,31.99274,0
                        35.88986,31.99271,0
                        35.88984,31.99266,0
                        35.88982,31.99262,0
                        35.88982,31.99257,0
                        35.88982,31.99256,0
                        35.88982,31.99255,0
                        35.88982,31.99254,0
                        35.88983,31.99252,0
                        35.88983,31.99251,0
                        35.88984,31.9925,0
                        35.88984,31.99249,0
                        35.88985,31.99247,0
                        35.88987,31.99244,0
                        35.8899,31.9924,0
                        35.88994,31.99237,0
                        35.88998,31.99235,0
                        35.89001,31.99233,0
                        35.89005,31.99231,0
                        35.89009,31.9923,0
                        35.89013,31.99229,0
                        35.89017,31.99229,0
                        35.89021,31.99229,0
                        35.89025,31.99229,0
                        35.89029,31.99229,0
                        35.8906,31.99208,0
                        35.89081,31.99195,0
                        35.89107,31.99179,0
                        35.8915,31.99147,0
                        35.89167,31.99136,0
                        35.89191,31.99119,0
                        35.89262,31.99054,0
                        35.8927,31.99047,0
                        35.89276,31.99041,0
                        35.89285,31.99032,0
                        35.89299,31.99018,0
                        35.89355,31.98964,0
                        35.89369,31.9895,0
                        35.89378,31.98941,0
                        35.89406,31.98916,0
                        35.89428,31.98897,0
                        35.89436,31.9889,0
                        35.89527,31.98809,0
                        35.89596,31.98747,0
                        35.8961,31.98734,0
                        35.89618,31.98726,0
                        35.89624,31.9872,0
                        35.89629,31.98714,0
                        35.89638,31.98705,0
                        35.89639,31.98705,0
                        35.89643,31.98701,0
                        35.89647,31.98697,0
                        35.89667,31.98678,0
                        35.89671,31.98674,0
                        35.89682,31.98665,0
                        35.89718,31.98631,0
                        35.89762,31.98592,0
                        35.89774,31.98581,0
                        35.8979,31.98568,0
                        35.89794,31.98564,0
                        35.89807,31.98554,0
                        35.89822,31.98541,0
                        35.89865,31.98505,0
                        35.89879,31.98494,0
                        35.89915,31.98465,0
                        35.89938,31.98447,0
                        35.89959,31.9843,0
                        35.89967,31.98423,0
                        35.89978,31.9841,0
                        35.9001,31.98383,0
                        35.90013,31.9838,0
                        35.90024,31.98369,0
                        35.90027,31.98366,0
                        35.90051,31.98342,0
                        35.9009,31.98301,0
                        35.90113,31.98272,0
                        35.90125,31.98255,0
                        35.90138,31.98235,0
                        35.90156,31.98208,0
                        35.90159,31.98203,0
                        35.90165,31.98192,0
                        35.90172,31.9818,0
                        35.90182,31.98158,0
                        35.90184,31.98153,0
                        35.90189,31.98142,0
                        35.90203,31.9811,0
                        35.9021,31.98091,0
                        35.90215,31.98073,0
                        35.90229,31.98031,0
                        35.90244,31.97977,0
                        35.90252,31.97951,0
                        35.90256,31.97938,0
                        35.90257,31.97935,0
                        35.9026,31.97928,0
                        35.90268,31.979,0
                        35.90274,31.97883,0
                        35.90276,31.97879,0
                        35.90283,31.97862,0
                        35.90291,31.9785,0
                        35.90294,31.97844,0
                        35.903,31.97834,0
                        35.90303,31.9783,0
                        35.90313,31.97816,0
                        35.90315,31.97813,0
                        35.90332,31.97794,0
                        35.90337,31.9779,0
                        35.90356,31.97773,0
                        35.90362,31.97768,0
                        35.90367,31.97764,0
                        35.90382,31.97752,0
                        35.90396,31.9774,0
                        35.90404,31.97734,0
                        35.90407,31.97732,0
                        35.90422,31.97719,0
                        35.90467,31.97683,0
                        35.90474,31.97676,0
                        35.90514,31.97645,0
                        35.90517,31.97642,0
                        35.90566,31.97603,0
                        35.90641,31.97544,0
                        35.90652,31.97536,0
                        35.90654,31.97535,0
                        35.90668,31.97524,0
                        35.90747,31.97465,0
                        35.90768,31.97449,0
                        35.90807,31.97412,0
                        35.9083,31.97393,0
                        35.90856,31.97376,0
                        35.90879,31.97359,0
                        35.90886,31.97351,0
                        35.90888,31.97347,0
                        35.90892,31.97341,0
                        35.90897,31.9733,0
                        35.90905,31.97314,0
                        35.90909,31.97308,0
                        35.90913,31.97303,0
                        35.90917,31.973,0
                        35.90922,31.97296,0
                        35.90922,31.97293,0
                        35.90922,31.97289,0
                        35.90923,31.97286,0
                        35.90923,31.97284,0
                        35.90923,31.97283,0
                        35.90924,31.97282,0
                        35.90924,31.9728,0
                        35.90925,31.97279,0
                        35.90926,31.97277,0
                        35.90926,31.97276,0
                        35.90927,31.97275,0
                        35.90928,31.97273,0
                        35.90929,31.97272,0
                        35.90929,31.97271,0
                        35.9093,31.9727,0
                        35.90931,31.97269,0
                        35.90932,31.97267,0
                        35.90933,31.97266,0
                        35.90935,31.97265,0
                        35.90936,31.97264,0
                        35.90937,31.97263,0
                        35.90938,31.97262,0
                        35.90939,31.97261,0
                        35.90941,31.9726,0
                        35.90942,31.97259,0
                        35.90943,31.97258,0
                        35.90945,31.97258,0
                        35.90946,31.97257,0
                        35.90948,31.97256,0
                        35.90949,31.97255,0
                        35.90951,31.97255,0
                        35.90952,31.97255,0
                        35.90952,31.97254,0
                        35.90954,31.97254,0
                        35.90956,31.97253,0
                        35.90957,31.97253,0
                        35.90959,31.97252,0
                        35.90961,31.97252,0
                        35.90962,31.97252,0
                        35.90964,31.97251,0
                        35.90966,31.97251,0
                        35.90967,31.97251,0
                        35.90969,31.97251,0
                        35.90971,31.97251,0
                        35.90972,31.97251,0
                        35.90974,31.97251,0
                        35.90975,31.97251,0
                        35.90976,31.97251,0
                        35.90977,31.97251,0
                        35.90979,31.97251,0
                        35.9098,31.97251,0
                        35.90982,31.97252,0
                        35.90984,31.97252,0
                        35.90985,31.97252,0
                        35.90987,31.97253,0
                        35.90988,31.97253,0
                        35.9099,31.97254,0
                        35.90992,31.97254,0
                        35.90993,31.97255,0
                        35.90994,31.97255,0
                        35.90996,31.97256,0
                        35.90998,31.97257,0
                        35.90999,31.97258,0
                        35.91,31.97258,0
                        35.91002,31.97259,0
                        35.91003,31.9726,0
                        35.91005,31.97261,0
                        35.91006,31.97262,0
                        35.91007,31.97263,0
                        35.91008,31.97264,0
                        35.9101,31.97265,0
                        35.91011,31.97266,0
                        35.91012,31.97268,0
                        35.91013,31.97269,0
                        35.91014,31.9727,0
                        35.91015,31.97271,0
                        35.91016,31.97272,0
                        35.91016,31.97274,0
                        35.91017,31.97275,0
                        35.91018,31.97276,0
                        35.91018,31.97277,0
                        35.91019,31.97278,0
                        35.91019,31.97279,0
                        35.9102,31.97281,0
                        35.9102,31.97282,0
                        35.91021,31.97283,0
                        35.91021,31.97285,0
                        35.91021,31.97286,0
                        35.91022,31.97287,0
                        35.91022,31.97288,0
                        35.91022,31.97289,0
                        35.91022,31.97291,0
                        35.91022,31.97292,0
                        35.91022,31.97294,0
                        35.91022,31.97295,0
                        35.91021,31.97296,0
                        35.91021,31.97298,0
                        35.91021,31.97299,0
                        35.91021,31.97301,0
                        35.9102,31.97302,0
                        35.91022,31.97316,0
                        35.91024,31.97325,0
                        35.91028,31.97334,0
                        35.91039,31.97348,0
                        35.91062,31.97371,0
                        35.91092,31.97402,0
                        35.9114,31.97454,0
                        35.91153,31.97473,0
                        35.91195,31.97517,0
                        35.91264,31.97584,0
                        35.91307,31.97621,0
                        35.91315,31.97628,0
                        35.91322,31.97634,0
                        35.91337,31.97647,0
                        35.91341,31.9765,0
                        35.91352,31.9766,0
                        35.91354,31.97662,0
                        35.91366,31.9767,0
                        35.91397,31.97694,0
                        35.91399,31.97696,0
                        35.91413,31.97706,0
                        35.91436,31.97725,0
                        35.91444,31.97731,0
                        35.9146,31.97743,0
                        35.91476,31.97754,0
                        35.91492,31.97766,0
                        35.91499,31.97771,0
                        35.91522,31.97787,0
                        35.91542,31.978,0
                        35.91597,31.9784,0
                        35.91646,31.97873,0
                        35.91662,31.97885,0
                        35.91677,31.97897,0
                        35.91711,31.9792,0
                        35.91736,31.97937,0
                        35.91737,31.97938,0
                        35.91749,31.97944,0
                        35.91761,31.97951,0
                        35.9178,31.9796,0
                        35.91799,31.97968,0
                        35.91818,31.97976,0
                        35.9185,31.97988,0
                        35.91868,31.97994,0
                        35.91892,31.98001,0
                        35.91921,31.98006,0
                        35.91946,31.98012,0
                        35.91975,31.98015,0
                        35.92002,31.98016,0
                        35.92023,31.98018,0
                        35.92059,31.98019,0
                        35.92124,31.98011,0
                        35.92143,31.98009,0
                        35.92172,31.98005,0
                        35.92221,31.97991,0
                        35.92266,31.97973,0
                        35.92352,31.97928,0
                        35.92361,31.97917,0
                        35.92364,31.97914,0
                        35.92368,31.97907,0
                        35.92371,31.97899,0
                        35.92373,31.97881,0
                        35.92374,31.97863,0
                        35.92375,31.97843,0
                        35.92359,31.97851,0
                        35.92314,31.97873,0
                        35.9231,31.97875,0
                        35.92233,31.9791,0
                        35.9221,31.97916,0
                        35.92197,31.97919,0
                    </coordinates>
                </LineString>
            </Placemark>
            <Placemark>
                <name>AlMukhtar Mall, Queen Rania Street, Amman</name>
                <styleUrl>#icon-1899-DB4436-nodesc</styleUrl>
                <Point>
                    <coordinates>
                        35.8961152,31.987499,0
                    </coordinates>
                </Point>
            </Placemark>
            <Placemark>
                <name>Istiklal Mall, Amman</name>
                <styleUrl>#icon-1899-DB4436-nodesc</styleUrl>
                <Point>
                    <coordinates>
                        35.92197,31.9791896,0
                    </coordinates>
                </Point>
            </Placemark>
        </Folder>
    </Document>
</kml>
